0 -0.0459976 -3.28757 24.9346
0 -0.0459976 -3.28757 24.9346
0 -0.0459976 -3.28757 24.9346
0 -0.0459976 -3.28757 24.9346
0 -0.0459976 -3.28757 24.9346
0 -0.0459976 -3.28757 24.9346
0 -0.0459976 -3.28757 24.9346
0 -0.0459976 -3.28757 24.9346
0 -0.0459976 -3.28757 24.9346
0 -0.0459976 -3.28757 24.9346
0 -0.0459976 -3.28757 24.9346
0 -0.0459976 -3.28757 24.9346
0 -0.0459976 -3.28757 24.9346
0 -0.0459976 -3.28757 24.9346
0 -0.0459976 -3.28757 24.9346
0 -0.0459976 -3.28757 24.9346
0 -0.0459976 -3.28757 24.9346
0 11.4661 10.7051 17.4116
0 9.01354 11.4492 19.3474
0 6.543 11.5075 20.3172
0 4.5139 11.3601 20.9758
0 2.05905 10.872 21.1367
0 -2.14877 11.0373 21.0484
0 -4.50837 11.4472 20.9557
0 -6.5961 11.6114 20.3463
0 -8.95629 11.4588 19.3966
0 -11.3625 10.6454 17.5125
0 0.133877 7.41144 21.1698
0 0.167103 4.38777 22.7246
0 -0.0162468 1.63152 25.061
0 -0.0741501 -1.53287 26.3371
0 3.38533 -3.45063 21.0379
0 1.70077 -4.05919 21.9335
0 -0.00149536 -4.0758 22.2819
0 -1.70077 -4.05634 21.9353
0 -3.33897 -3.50507 21.0288
0 9.43105 6.16532 15.3647
0 8.00571 7.31393 17.2681
0 6.05447 7.48119 17.8546
0 3.92842 5.8448 17.1241
0 5.90001 5.55868 17.5828
0 8.13059 5.59257 16.9394
0 -3.93171 5.8353 17.1271
0 -6.05498 7.46891 17.8265
0 -8.00622 7.31291 17.2397
0 -9.39326 6.16541 15.3172
0 -8.15527 5.59366 16.9064
0 -5.84494 5.52401 17.6027
0 5.04721 -8.63055 18.848
0 3.45608 -7.25888 20.662
0 1.21839 -6.3861 22.5977
0 0 -6.53753 22.5617
0 -1.21839 -6.4228 22.6077
0 -3.54357 -7.15088 20.6635
0 -5.26342 -8.62574 18.918
0 -3.39174 -12.4315 20.5465
0 -1.39741 -13.3751 21.3743
0 0 -13.5485 21.4054
0 1.39741 -13.3755 21.3786
0 3.25496 -12.4522 20.4658
0 4.45704 -8.53369 18.7959
0 1.38404 -7.36048 22.1737
0 0 -7.51547 22.2504
0 -1.38485 -7.37018 22.0967
0 -4.6624 -8.50009 18.9799
0 -1.44363 -11.6563 21.5485
0 0 -12.1308 21.5186
0 1.44364 -11.6711 21.5589
1 -0.04599 -4.16079 23.7242
1 -0.04599 -4.16079 23.7242
1 -0.04599 -4.16079 23.7242
1 -0.04599 -4.16079 23.7242
1 -0.04599 -4.16079 23.7242
1 -0.04599 -4.16079 23.7242
1 -0.04599 -4.16079 23.7242
1 -0.04599 -4.16079 23.7242
1 -0.04599 -4.16079 23.7242
1 -0.04599 -4.16079 23.7242
1 -0.04599 -4.16079 23.7242
1 -0.04599 -4.16079 23.7242
1 -0.04599 -4.16079 23.7242
1 -0.04599 -4.16079 23.7242
1 -0.04599 -4.16079 23.7242
1 -0.04599 -4.16079 23.7242
1 -0.04599 -4.16079 23.7242
1 10.6325 10.092 17.1088
1 8.36609 9.79361 18.6602
1 6.05983 9.09601 19.6406
1 3.68469 8.26177 20.2935
1 1.65242 7.54199 20.4368
1 -1.72629 7.65361 20.3545
1 -3.68675 8.35615 20.2766
1 -6.14442 9.49977 19.6734
1 -8.30977 9.83039 18.7089
1 -10.6201 10.0288 17.1161
1 0.133881 6.49093 20.4223
1 0.167099 3.5889 21.791
1 -0.0162354 0.750591 24.027
1 -0.0741425 -2.45754 25.1887
1 3.38263 -3.91624 19.9012
1 1.70078 -4.52906 20.6926
1 -0.00149536 -4.85395 21.034
1 -1.70076 -4.50372 20.6958
1 -3.38263 -3.89169 19.9012
1 9.41806 5.6786 14.4874
1 7.95261 6.59032 16.4347
1 6.03154 6.65468 17.0226
1 3.87704 5.35239 16.2248
1 5.47066 5.05612 16.6623
1 7.83194 4.7645 16.0014
1 -3.87639 5.41202 16.2278
1 -5.99431 6.63372 16.9941
1 -7.95288 6.58909 16.4064
1 -9.39233 5.63462 14.4386
1 -7.98817 4.89933 15.9685
1 -5.78099 4.98935 16.6807
1 4.05591 -11.54 17.9558
1 3.26186 -8.4369 19.9927
1 1.2184 -7.01496 21.8381
1 0 -7.56873 21.3806
1 -1.21838 -7.0574 21.8491
1 -3.2838 -8.48051 19.998
1 -4.35201 -11.5729 18.0284
1 -3.22179 -16.0184 18.8231
1 -1.3974 -17.0943 19.3725
1 0 -17.1916 19.4218
1 1.39742 -17.0952 19.3764
1 3.28268 -15.9747 18.6348
1 3.42265 -11.1066 18.0807
1 1.38342 -8.15549 20.9868
1 0 -8.49218 21.005
1 -1.38475 -8.22309 20.9061
1 -3.64119 -11.0249 18.4159
1 -1.44363 -15.0734 19.7783
1 0 -15.8317 19.7104
1 1.44365 -15.0605 19.7906
2 -0.0455627 -3.83334 23.497
2 -0.0455627 -3.83334 23.497
2 -0.0455627 -3.83334 23.497
2 -0.0455627 -3.83334 23.497
2 -0.0455627 -3.83334 23.497
2 -0.0455627 -3.83334 23.497
2 -0.0455627 -3.83334 23.497
2 -0.0455627 -3.83334 23.497
2 -0.0455627 -3.83334 23.497
2 -0.0455627 -3.83334 23.497
2 -0.0455627 -3.83334 23.497
2 -0.0455627 -3.83334 23.497
2 -0.0455627 -3.83334 23.497
2 -0.0455627 -3.83334 23.497
2 -0.0455627 -3.83334 23.497
2 -0.0455627 -3.83334 23.497
2 -0.0455627 -3.83334 23.497
2 10.9413 10.2832 16.7475
2 8.60492 10.4669 18.4859
2 6.23982 10.1313 19.4525
2 4.05794 9.63185 20.0991
2 1.83693 9.03044 20.241
2 -1.91791 9.16894 20.1595
2 -4.05626 9.72206 20.0824
2 -6.30811 10.3829 19.485
2 -8.54871 10.4891 18.5347
2 -10.8841 10.2206 16.7998
2 0.132584 6.77925 20.1898
2 0.165497 3.81147 21.5834
2 -0.016098 1.03098 23.7969
2 -0.0734406 -2.1464 24.9475
2 3.35022 -3.912 19.7152
2 1.68446 -4.40784 20.5061
2 -0.0014801 -4.51837 20.8593
2 -1.68448 -4.40784 20.506
2 -3.35022 -3.90957 19.7154
2 9.33365 5.9096 14.3828
2 7.90256 6.79847 16.2877
2 5.98503 6.88214 16.872
2 3.8652 5.49061 16.0936
2 5.61929 5.17291 16.5689
2 7.86217 5.08691 15.9097
2 -3.86652 5.48264 16.0935
2 -5.96677 6.85638 16.8437
2 -7.90295 6.79786 16.2595
2 -9.30196 5.88274 14.3335
2 -7.95297 5.15725 15.8769
2 -5.74791 5.13001 16.5873
2 5.57925 -9.14526 17.7355
2 3.79274 -7.77566 19.7136
2 1.20671 -6.95073 21.5494
2 0 -7.20863 21.2955
2 -1.20671 -6.98847 21.558
2 -3.76186 -7.811 19.7188
2 -5.60361 -9.18891 17.7959
2 -3.10309 -9.76355 19.7368
2 -1.38402 -9.95912 20.7101
2 0 -9.83102 20.736
2 1.38402 -9.95911 20.714
2 3.10309 -9.82279 19.7368
2 5.1976 -9.20021 17.2145
2 1.37155 -7.81985 20.9056
2 0 -8.12323 20.9236
2 -1.37157 -7.91895 20.8257
2 -5.1976 -9.20714 17.2145
2 -1.42981 -8.40368 20.7487
2 0 -8.47668 20.7158
2 1.42979 -8.38634 20.7572
3 -0.0455627 -3.83345 23.4968
3 -0.0455627 -3.83345 23.4968
3 -0.0455627 -3.83345 23.4968
3 -0.0455627 -3.83345 23.4968
3 -0.0455627 -3.83345 23.4968
3 -0.0455627 -3.83345 23.4968
3 -0.0455627 -3.83345 23.4968
3 -0.0455627 -3.83345 23.4968
3 -0.0455627 -3.83345 23.4968
3 -0.0455627 -3.83345 23.4968
3 -0.0455627 -3.83345 23.4968
3 -0.0455627 -3.83345 23.4968
3 -0.0455627 -3.83345 23.4968
3 -0.0455627 -3.83345 23.4968
3 -0.0455627 -3.83345 23.4968
3 -0.0455627 -3.83345 23.4968
3 -0.0455627 -3.83345 23.4968
3 11.3562 10.2835 16.548
3 8.92715 10.9512 18.4904
3 6.48029 10.9745 19.4524
3 4.47064 10.8052 20.099
3 2.03932 10.3164 20.2409
3 -2.12819 10.4831 20.1594
3 -4.46518 10.8921 20.0823
3 -6.5329 11.0763 19.4849
3 -8.87047 10.959 18.5395
3 -11.2536 10.2209 16.6457
3 0.132584 6.89 20.1507
3 0.165497 3.84198 21.5822
3 -0.016098 1.03087 23.7968
3 -0.0734406 -2.14652 24.9473
3 3.35022 -3.91209 19.715
3 1.68446 -4.40793 20.5059
3 -0.0014801 -4.51847 20.8591
3 -1.68448 -4.40793 20.5059
3 -3.35022 -3.90967 19.7152
3 9.33955 5.82031 14.3816
3 7.929 5.16365 16.2855
3 5.99646 5.2015 16.8719
3 3.89078 5.43983 16.1822
3 5.74857 5.1997 16.572
3 7.91209 5.19174 15.9082
3 -3.89404 5.47109 16.1893
3 -5.99696 5.08059 16.8436
3 -7.9295 5.16365 16.2573
3 -9.3002 5.71685 14.3333
3 -7.9429 5.2118 15.8751
3 -5.70566 5.15499 16.5905
3 5.57925 -9.14534 17.7354
3 3.79274 -7.77575 19.7134
3 1.20671 -6.95083 21.5492
3 0 -7.20873 21.2954
3 -1.20671 -6.98857 21.5578
3 -3.76186 -7.81109 19.7187
3 -5.60361 -9.189 17.7957
3 -3.10309 -9.76364 19.7366
3 -1.38402 -9.95922 20.7099
3 0 -9.83111 20.7358
3 1.38402 -9.9592 20.7138
3 3.10309 -9.82288 19.7366
3 5.1976 -9.20029 17.2143
3 1.37155 -7.81995 20.9054
3 0 -8.12333 20.9234
3 -1.37157 -7.91904 20.8255
3 -5.1976 -9.20721 17.2143
3 -1.42981 -8.40377 20.7486
3 0 -8.47677 20.7156
3 1.42979 -8.38644 20.757
4 0.0921326 -4.16529 23.7153
4 0.0921326 -4.16529 23.7153
4 0.0921326 -4.16529 23.7153
4 0.0921326 -4.16529 23.7153
4 0.0921326 -4.16529 23.7153
4 0.0921326 -4.16529 23.7153
4 0.0921326 -4.16529 23.7153
4 0.0921326 -4.16529 23.7153
4 0.0921326 -4.16529 23.7153
4 0.0921326 -4.16529 23.7153
4 0.0921326 -4.16529 23.7153
4 0.0921326 -4.16529 23.7153
4 0.0921326 -4.16529 23.7153
4 0.0921326 -4.16529 23.7153
4 0.0921326 -4.16529 23.7153
4 0.0921326 -4.16529 23.7153
4 0.0921326 -4.16529 23.7153
4 11.4284 10.3273 16.7262
4 8.98425 11.2215 18.6689
4 6.52115 11.2334 19.6406
4 4.47641 11.0451 20.2935
4 2.04068 10.4055 20.4368
4 -2.12967 10.6126 20.3545
4 -4.47122 11.119 20.2766
4 -6.57568 11.3486 19.6734
4 -8.92703 11.2315 18.7184
4 -11.3289 10.2762 16.8208
4 0.133881 6.88226 20.3678
4 0.170044 3.58862 21.7971
4 0.024353 0.750591 24.027
4 0.0286255 -2.46285 25.1887
4 3.63361 -4.0463 19.8816
4 1.96786 -4.5073 20.5555
4 0.316406 -4.717 20.8051
4 -1.50323 -4.6911 20.6051
4 -3.25571 -4.23792 19.9064
4 9.42599 5.65202 14.5507
4 8.00333 6.27591 16.4432
4 6.05344 6.37361 17.0351
4 3.92612 5.2933 16.2747
4 5.85281 4.92066 16.8365
4 8.03043 4.89821 16.2635
4 -3.9292 5.2951 16.2762
4 -6.05222 6.33487 17.0066
4 -8.00381 6.27293 16.4147
4 -9.38333 5.63291 14.4996
4 -8.06305 4.88997 16.0346
4 -5.81766 4.88044 16.7565
4 6.57663 -7.75521 17.5055
4 4.31281 -7.09191 19.9288
4 1.71375 -6.82241 21.7543
4 0.429199 -7.16461 21.6202
4 -0.842865 -7.07221 21.9618
4 -3.88861 -7.71249 20.0346
4 -6.32593 -8.91124 17.8462
4 -3.26962 -9.60976 20.2753
4 -1.15488 -9.85137 21.2184
4 0.330841 -9.63398 21.1673
4 1.81339 -9.69202 21.1184
4 3.57639 -9.27293 20.221
4 6.29898 -7.90877 17.0892
4 1.90576 -7.77495 21.0545
4 0.437317 -8.09071 21.211
4 -1.0314 -8.09655 21.1553
4 -6.22528 -8.99693 17.1837
4 -1.23181 -8.23535 21.3226
4 0.31601 -8.12749 21.1794
4 1.87939 -8.14269 21.2059
5 -0.0455627 -3.83334 23.497
5 -0.0455627 -3.83334 23.497
5 -0.0455627 -3.83334 23.497
5 -0.0455627 -3.83334 23.497
5 -0.0455627 -3.83334 23.497
5 -0.0455627 -3.83334 23.497
5 -0.0455627 -3.83334 23.497
5 -0.0455627 -3.83334 23.497
5 -0.0455627 -3.83334 23.497
5 -0.0455627 -3.83334 23.497
5 -0.0455627 -3.83334 23.497
5 -0.0455627 -3.83334 23.497
5 -0.0455627 -3.83334 23.497
5 -0.0455627 -3.83334 23.497
5 -0.0455627 -3.83334 23.497
5 -0.0455627 -3.83334 23.497
5 -0.0455627 -3.83334 23.497
5 11.3562 10.895 16.548
5 8.92717 12.2507 18.4905
5 6.4803 12.3288 19.4525
5 4.47064 12.1926 20.0991
5 2.03932 11.3498 20.241
5 -2.12819 11.624 20.1595
5 -4.46518 12.2425 20.0824
5 -6.5329 12.4275 19.485
5 -8.87047 12.2608 18.5396
5 -11.2536 10.8641 16.6458
5 0.132584 7.47337 20.1994
5 0.165497 3.84134 21.598
5 -0.016098 1.03098 23.7969
5 -0.0734406 -2.1464 24.9475
5 3.35022 -3.912 19.7152
5 1.68446 -4.40784 20.5061
5 -0.0014801 -4.51837 20.8593
5 -1.68448 -4.40784 20.506
5 -3.35022 -3.90957 19.7154
5 9.32719 5.93558 14.4353
5 7.929 7.08088 16.2651
5 5.99646 7.18953 16.8515
5 3.89078 5.62702 16.0923
5 5.84346 5.13551 16.5722
5 7.98463 5.0749 15.9083
5 -3.89404 5.61142 16.0919
5 -5.99696 7.19193 16.8233
5 -7.9295 7.07328 16.2369
5 -9.28082 5.94963 14.392
5 -8.00955 5.07893 15.8752
5 -5.78893 5.10049 16.5906
5 5.57925 -9.14526 17.7355
5 3.79274 -7.77566 19.7136
5 1.20671 -6.95073 21.5494
5 0 -7.20863 21.2955
5 -1.20671 -6.98847 21.558
5 -3.76186 -7.811 19.7188
5 -5.60361 -9.18891 17.7959
5 -3.10309 -9.76355 19.7368
5 -1.38402 -9.95912 20.7101
5 0 -9.83102 20.736
5 1.38402 -9.95911 20.714
5 3.10309 -9.82279 19.7368
5 5.1976 -9.20021 17.2145
5 1.37155 -7.81985 20.9056
5 0 -8.12323 20.9236
5 -1.37157 -7.91895 20.8257
5 -5.1976 -9.20714 17.2145
5 -1.42981 -8.40368 20.7487
5 0 -8.47668 20.7158
5 1.42979 -8.38634 20.7572
6 -0.04599 -4.16079 23.7242
6 -0.04599 -4.16079 23.7242
6 -0.04599 -4.16079 23.7242
6 -0.04599 -4.16079 23.7242
6 -0.04599 -4.16079 23.7242
6 -0.04599 -4.16079 23.7242
6 -0.04599 -4.16079 23.7242
6 -0.04599 -4.16079 23.7242
6 -0.04599 -4.16079 23.7242
6 -0.04599 -4.16079 23.7242
6 -0.04599 -4.16079 23.7242
6 -0.04599 -4.16079 23.7242
6 -0.04599 -4.16079 23.7242
6 -0.04599 -4.16079 23.7242
6 -0.04599 -4.16079 23.7242
6 -0.04599 -4.16079 23.7242
6 -0.04599 -4.16079 23.7242
6 11.4661 10.7286 16.7081
6 9.01353 12.1183 18.6693
6 6.543 12.1987 19.6406
6 4.5139 12.0623 20.2935
6 2.05905 11.2005 20.4368
6 -2.14876 11.4807 20.3545
6 -4.50838 12.1115 20.2766
6 -6.5961 12.2983 19.6734
6 -8.95628 12.1285 18.7189
6 -11.3625 10.6984 16.8068
6 0.133881 7.27299 20.3962
6 0.167114 3.58813 21.8074
6 -0.0162354 0.750591 24.027
6 -0.0741425 -2.45754 25.1887
6 3.38263 -4.38113 19.9016
6 1.70078 -4.86813 20.6843
6 -0.00149536 -4.85381 21.0268
6 -1.70076 -4.86389 20.6893
6 -3.38263 -4.37863 19.9016
6 9.41707 5.63474 14.5498
6 8.00572 6.89881 16.4317
6 6.05447 7.03331 17.0238
6 3.92844 5.39123 16.2234
6 5.923 4.79984 16.6746
6 8.07947 4.73627 16.0043
6 -3.9317 5.36649 16.2258
6 -6.05498 7.06274 16.9952
6 -8.00621 6.8909 16.4032
6 -9.37039 5.66086 14.5083
6 -8.10318 4.73646 15.9709
6 -5.86511 4.76682 16.6933
6 3.82993 -11.5029 18.516
6 3.21382 -8.97285 19.9536
6 1.21533 -7.14142 21.8221
6 -0.000442505 -7.40177 21.6435
6 -1.21637 -7.17614 21.8235
6 -3.19202 -9.00271 20.0296
6 -4.02707 -11.5229 18.5844
6 -3.0444 -15.2748 19.1828
6 -1.39656 -16.4512 19.638
6 0 -16.5325 19.7074
6 1.39697 -16.4561 19.6413
6 3.12921 -15.2338 19.0073
6 3.05556 -11.0784 18.6639
6 1.3766 -8.07861 21.499
6 -0.000762939 -8.36639 21.6066
6 -1.37642 -8.18571 21.4566
6 -3.02487 -11.0346 19.0421
6 -1.43414 -14.5742 20.4189
6 1.52588e-05 -15.2528 20.3358
6 1.43629 -14.5641 20.4333
7 -0.04599 -4.16078 23.7242
7 -0.04599 -4.16078 23.7242
7 -0.04599 -4.16078 23.7242
7 -0.04599 -4.16078 23.7242
7 -0.04599 -4.16078 23.7242
7 -0.04599 -4.16078 23.7242
7 -0.04599 -4.16078 23.7242
7 -0.04599 -4.16078 23.7242
7 -0.04599 -4.16078 23.7242
7 -0.04599 -4.16078 23.7242
7 -0.04599 -4.16078 23.7242
7 -0.04599 -4.16078 23.7242
7 -0.04599 -4.16078 23.7242
7 -0.04599 -4.16078 23.7242
7 -0.04599 -4.16078 23.7242
7 -0.04599 -4.16078 23.7242
7 -0.04599 -4.16078 23.7242
7 11.4661 10.0928 16.7081
7 9.01353 10.7669 18.6693
7 6.543 10.7904 19.6406
7 4.5139 10.6195 20.2935
7 2.05905 10.1259 20.4368
7 -2.14876 10.2943 20.3545
7 -4.50838 10.7072 20.2766
7 -6.5961 10.8932 19.6734
7 -8.95628 10.7747 18.7189
7 -11.3625 10.0295 16.8068
7 0.133881 6.66641 20.3457
7 0.167114 3.5889 21.791
7 -0.0162354 0.750595 24.027
7 -0.0741425 -2.45753 25.1887
7 3.38263 -4.24019 19.9057
7 1.70078 -4.74083 20.7043
7 -0.00149536 -4.85243 21.061
7 -1.70076 -4.74083 20.7043
7 -3.38263 -4.23775 19.906
7 9.50896 5.42366 14.5988
7 8.00572 4.82753 16.6129
7 6.05447 4.97363 17.2049
7 3.9332 5.25133 16.2492
7 5.7034 4.94557 16.7324
7 8.06206 4.86322 16.0621
7 -3.9317 5.23634 16.2491
7 -6.05498 6.7238 17.0066
7 -8.00621 6.58896 16.4146
7 -9.39194 5.65141 14.472
7 -8.08704 4.83775 16.0287
7 -5.84494 4.81004 16.751
7 5.63324 -9.52408 17.907
7 3.82945 -8.14124 19.9042
7 1.2184 -7.30833 21.7577
7 0 -7.56873 21.5014
7 -1.21838 -7.34644 21.7664
7 -3.79825 -8.17691 19.9094
7 -5.65782 -9.56815 17.9679
7 -3.1331 -10.1484 19.9276
7 -1.3974 -10.3458 20.9103
7 0 -10.2165 20.9364
7 1.39742 -10.3458 20.9142
7 3.13312 -10.2082 19.9276
7 5.24789 -9.57956 17.3808
7 1.38483 -8.18587 21.1077
7 0 -8.49217 21.1258
7 -1.38483 -8.2859 21.027
7 -5.24788 -9.58655 17.3808
7 -1.44363 -8.77533 20.9493
7 0 -8.84903 20.9161
7 1.44363 -8.75783 20.9578
8 -0.0460052 -4.24421 23.7491
8 -0.0460052 -4.24421 23.7491
8 -0.0460052 -4.24421 23.7491
8 -0.0460052 -4.24421 23.7491
8 -0.0460052 -4.24421 23.7491
8 -0.0460052 -4.24421 23.7491
8 -0.0460052 -4.24421 23.7491
8 -0.0460052 -4.24421 23.7491
8 -0.0460052 -4.24421 23.7491
8 -0.0460052 -4.24421 23.7491
8 -0.0460052 -4.24421 23.7491
8 -0.0460052 -4.24421 23.7491
8 -0.0460052 -4.24421 23.7491
8 -0.0460052 -4.24421 23.7491
8 -0.0460052 -4.24421 23.7491
8 -0.0460052 -4.24421 23.7491
8 -0.0460052 -4.24421 23.7491
8 11.4661 10.6916 16.7081
8 9.01353 12.0395 18.6693
8 6.54299 12.1167 19.6406
8 4.51389 11.9782 20.2935
8 2.05905 11.1379 20.4368
8 -2.14877 11.4116 20.3545
8 -4.50838 12.0297 20.2766
8 -6.59611 12.2165 19.6734
8 -8.95629 12.0496 18.7189
8 -11.3625 10.6594 16.8068
8 0.133873 7.23766 20.3933
8 0.167099 3.58818 21.8064
8 -0.0162506 0.750591 24.027
8 -0.0741577 -2.45754 25.1887
8 3.38263 -4.33172 19.904
8 1.70077 -4.86642 20.7105
8 -0.00149536 -5.29823 21.1556
8 -1.70077 -4.86262 20.7055
8 -3.38264 -4.32927 19.9046
8 9.41781 5.6627 14.5789
8 8.00571 6.92553 16.443
8 6.05447 7.04387 17.0351
8 3.92842 5.38046 16.2429
8 5.90671 4.8861 16.733
8 8.06701 4.82613 16.0627
8 -3.93172 5.35851 16.2423
8 -6.05499 7.05365 17.0066
8 -8.00623 6.91809 16.4146
8 -9.37138 5.67851 14.5351
8 -8.09175 4.82907 16.0293
8 -5.85082 4.85142 16.7516
8 5.97584 -9.75269 16.9927
8 3.92661 -8.64671 19.1984
8 1.23106 -8.2779 20.8843
8 0.0018692 -8.46807 20.4693
8 -1.22674 -8.30397 20.8946
8 -3.9251 -8.67096 19.0924
8 -6.05836 -9.82367 17.0373
8 -3.33907 -10.1192 19.47
8 -1.40089 -10.1571 20.5521
8 0 -9.98946 20.4453
8 1.39923 -10.1635 20.4735
8 3.30956 -10.1917 19.4855
8 5.70497 -9.94114 16.1752
8 1.41364 -9.11647 19.6152
8 0.00315857 -9.37051 19.4599
8 -1.41938 -9.15656 19.4716
8 -5.98037 -9.87014 16.058
8 -1.48292 -8.61623 19.6526
8 -3.8147e-05 -8.65835 19.6456
8 1.47405 -8.59072 19.6552
9 -0.0460052 -4.26773 23.7561
9 -0.0460052 -4.26773 23.7561
9 -0.0460052 -4.26773 23.7561
9 -0.0460052 -4.26773 23.7561
9 -0.0460052 -4.26773 23.7561
9 -0.0460052 -4.26773 23.7561
9 -0.0460052 -4.26773 23.7561
9 -0.0460052 -4.26773 23.7561
9 -0.0460052 -4.26773 23.7561
9 -0.0460052 -4.26773 23.7561
9 -0.0460052 -4.26773 23.7561
9 -0.0460052 -4.26773 23.7561
9 -0.0460052 -4.26773 23.7561
9 -0.0460052 -4.26773 23.7561
9 -0.0460052 -4.26773 23.7561
9 -0.0460052 -4.26773 23.7561
9 -0.0460052 -4.26773 23.7561
9 11.4661 10.0928 16.7081
9 9.01353 10.7669 18.6693
9 6.54299 10.7904 19.6406
9 4.51389 10.6195 20.2935
9 2.05905 10.1259 20.4368
9 -2.14877 10.2943 20.3545
9 -4.50838 10.7072 20.2766
9 -6.59611 10.8932 19.6734
9 -8.95629 10.7747 18.7189
9 -11.3625 10.0295 16.8068
9 0.133873 6.66641 20.3457
9 0.167099 3.5889 21.791
9 -0.0162506 0.750595 24.027
9 -0.0741577 -2.45753 25.1887
9 3.38263 -4.37344 19.9031
9 1.70077 -4.91113 20.6998
9 -0.00149536 -5.41628 21.168
9 -1.70077 -4.90601 20.6963
9 -3.38264 -4.371 19.9037
9 9.42991 5.64563 14.5175
9 8.00571 6.58896 16.443
9 6.05447 6.73506 17.0351
9 3.92842 5.24876 16.2487
9 5.9 4.83853 16.7266
9 8.06188 4.8268 16.0564
9 -3.93172 5.23634 16.2491
9 -6.05499 6.7238 17.0066
9 -8.00623 6.58896 16.4146
9 -9.39195 5.64778 14.469
9 -8.08704 4.83087 16.023
9 -5.84494 4.80316 16.7453
9 5.46795 -9.81378 17.6162
9 3.77641 -8.80516 19.2737
9 1.21839 -8.33621 20.9713
9 0 -8.5408 20.6461
9 -1.21839 -8.35658 20.9865
9 -3.74165 -8.81627 19.2597
9 -5.50557 -9.84857 17.6437
9 -3.14115 -10.3663 19.6082
9 -1.39741 -10.7347 20.5442
9 0 -10.5941 20.4816
9 1.39741 -10.751 20.4406
9 3.14666 -10.4242 19.6018
9 5.00079 -9.96349 16.9521
9 1.3847 -9.25323 20.006
9 0 -9.50269 19.9639
9 -1.38483 -9.28732 19.9073
9 -5.01559 -9.85297 16.943
9 -1.44364 -9.22351 19.998
9 0 -9.36116 19.9919
9 1.44363 -9.20543 20.003
10 -0.04599 -3.28756 24.9346
10 -0.04599 -3.28756 24.9346
10 -0.04599 -3.28756 24.9346
10 -0.04599 -3.28756 24.9346
10 -0.04599 -3.28756 24.9346
10 -0.04599 -3.28756 24.9346
10 -0.04599 -3.28756 24.9346
10 -0.04599 -3.28756 24.9346
10 -0.04599 -3.28756 24.9346
10 -0.04599 -3.28756 24.9346
10 -0.04599 -3.28756 24.9346
10 -0.04599 -3.28756 24.9346
10 -0.04599 -3.28756 24.9346
10 -0.04599 -3.28756 24.9346
10 -0.04599 -3.28756 24.9346
10 -0.04599 -3.28756 24.9346
10 -0.04599 -3.28756 24.9346
10 11.4661 10.7051 17.4116
10 9.01353 11.4492 19.3474
10 6.543 11.5075 20.3172
10 4.5139 11.3601 20.9758
10 2.05905 10.872 21.1367
10 -2.14876 11.0373 21.0484
10 -4.50838 11.4472 20.9557
10 -6.5961 11.6114 20.3463
10 -8.95628 11.4588 19.3966
10 -11.3625 10.6454 17.5125
10 0.133881 7.41144 21.1698
10 0.167114 4.38777 22.7246
10 -0.0162354 1.63152 25.061
10 -0.0741425 -1.53286 26.3371
10 3.38304 -3.55587 21.1116
10 1.70078 -4.02252 21.9352
10 -0.00149536 -4.07515 22.2889
10 -1.70076 -4.02092 21.9362
10 -3.38272 -3.55362 21.1132
10 9.42992 6.17148 15.3737
10 8.00572 7.19392 17.2681
10 6.05447 7.36119 17.8546
10 3.92844 5.8463 17.1253
10 5.90001 5.43672 17.6038
10 8.06189 5.37178 16.9354
10 -3.9317 5.83531 17.1271
10 -6.05498 7.3489 17.8265
10 -8.00621 7.19291 17.2397
10 -9.39194 6.17254 15.3256
10 -8.08704 5.37551 16.9019
10 -5.84494 5.39607 17.6239
10 5.16499 -9.62413 18.4046
10 3.64833 -7.71644 21.0781
10 1.2184 -6.51661 23.0422
10 0 -6.77452 22.7951
10 -1.21838 -6.55378 23.0523
10 -3.63409 -7.75471 21.0909
10 -5.30762 -9.66695 18.4385
10 -3.18898 -11.3756 20.4728
10 -1.3974 -11.8583 21.4122
10 0 -11.808 21.3501
10 1.39742 -11.8584 21.4209
10 3.20135 -11.4009 20.4161
10 4.60458 -9.46989 18.1451
10 1.38437 -7.411 22.424
10 0 -7.71084 22.4529
10 -1.3848 -7.51299 22.3469
10 -4.755 -9.45318 18.3519
10 -1.44363 -10.1468 21.2737
10 0 -10.4497 21.2305
10 1.44365 -10.1308 21.2834
11 -0.0455627 -2.9686 24.6956
11 -0.0455627 -2.9686 24.6956
11 -0.0455627 -2.9686 24.6956
11 -0.0455627 -2.9686 24.6956
11 -0.0455627 -2.9686 24.6956
11 -0.0455627 -2.9686 24.6956
11 -0.0455627 -2.9686 24.6956
11 -0.0455627 -2.9686 24.6956
11 -0.0455627 -2.9686 24.6956
11 -0.0455627 -2.9686 24.6956
11 -0.0455627 -2.9686 24.6956
11 -0.0455627 -2.9686 24.6956
11 -0.0455627 -2.9686 24.6956
11 -0.0455627 -2.9686 24.6956
11 -0.0455627 -2.9686 24.6956
11 -0.0455627 -2.9686 24.6956
11 -0.0455627 -2.9686 24.6956
11 11.3562 10.89 17.2447
11 8.92715 11.6269 19.162
11 6.48029 11.6847 20.1225
11 4.47064 11.5387 20.7748
11 2.03932 11.0553 20.9341
11 -2.12819 11.219 20.8467
11 -4.46518 11.6249 20.7549
11 -6.5329 11.7876 20.1514
11 -8.87047 11.6364 19.2108
11 -11.2536 10.8309 17.3447
11 0.132584 7.62789 20.9669
11 0.165497 4.63319 22.5069
11 -0.016098 1.90335 24.8209
11 -0.0734406 -1.23071 26.0847
11 3.35022 -3.23639 20.9194
11 1.68446 -3.69898 21.71
11 -0.0014801 -3.74922 22.0596
11 -1.68448 -3.69721 21.7144
11 -3.35022 -3.23394 20.9195
11 9.33955 6.39921 15.226
11 7.929 7.41131 17.1027
11 5.99646 7.57697 17.6835
11 3.89078 6.07767 16.9611
11 5.84348 5.67011 17.4343
11 7.98463 5.63468 16.7713
11 -3.89404 6.06686 16.963
11 -5.99696 7.5648 17.6556
11 -7.9295 7.4103 17.0745
11 -9.30196 6.40029 15.1783
11 -8.00955 5.63753 16.7381
11 -5.78893 5.63577 17.454
11 4.44562 -9.08489 19.9865
11 3.43799 -7.34846 21.2428
11 1.20671 -5.82919 23.0337
11 0 -6.13021 22.8982
11 -1.20671 -5.86375 23.0268
11 -3.36342 -7.36076 21.3466
11 -4.44493 -9.10124 20.0495
11 -2.88727 -10.7289 21.2122
11 -1.38402 -11.4839 21.8444
11 0 -11.436 21.8917
11 1.38402 -11.4894 21.8478
11 2.95459 -10.7445 21.1416
11 3.72581 -8.99206 19.7835
11 1.37106 -6.81801 22.9135
11 0 -7.09908 23.0633
11 -1.37154 -6.93224 22.8923
11 -3.46207 -9.01422 20.0099
11 -1.42981 -9.93056 22.5716
11 0 -10.1925 22.4994
11 1.42979 -9.9176 22.5844
12 -0.04599 -4.16078 23.7242
12 -0.04599 -4.16078 23.7242
12 -0.04599 -4.16078 23.7242
12 -0.04599 -4.16078 23.7242
12 -0.04599 -4.16078 23.7242
12 -0.04599 -4.16078 23.7242
12 -0.04599 -4.16078 23.7242
12 -0.04599 -4.16078 23.7242
12 -0.04599 -4.16078 23.7242
12 -0.04599 -4.16078 23.7242
12 -0.04599 -4.16078 23.7242
12 -0.04599 -4.16078 23.7242
12 -0.04599 -4.16078 23.7242
12 -0.04599 -4.16078 23.7242
12 -0.04599 -4.16078 23.7242
12 -0.04599 -4.16078 23.7242
12 -0.04599 -4.16078 23.7242
12 11.4661 10.0928 16.7081
12 9.01353 10.7669 18.6693
12 6.543 10.7904 19.6406
12 4.5139 10.6195 20.2935
12 2.05905 10.1259 20.4368
12 -2.14876 10.2943 20.3545
12 -4.50838 10.7072 20.2766
12 -6.5961 10.8932 19.6734
12 -8.95628 10.7747 18.7189
12 -11.3625 10.0295 16.8068
12 0.133881 6.66641 20.3457
12 0.167099 3.5889 21.791
12 -0.0162354 0.750595 24.027
12 -0.0741425 -2.45753 25.1887
12 3.38263 -4.2726 19.9048
12 1.70078 -4.7661 20.6853
12 -0.00149536 -4.82799 21.0066
12 -1.70076 -4.76561 20.6882
12 -3.38263 -4.27013 19.905
12 9.42992 5.64056 14.5133
12 8.00572 6.58896 16.443
12 6.05447 6.73506 17.0351
12 3.92844 5.24811 16.2482
12 5.90001 4.82953 16.7191
12 8.06189 4.81779 16.0488
12 -3.9317 5.23634 16.2491
12 -6.05498 6.7238 17.0066
12 -8.00621 6.58896 16.4146
12 -9.39194 5.64304 14.465
12 -8.08704 4.82187 16.0154
12 -5.84494 4.79416 16.7377
12 5.11023 -9.71388 17.6526
12 3.65877 -8.25275 19.9398
12 1.2184 -7.02563 21.8569
12 0 -7.31111 21.6372
12 -1.21838 -7.06184 21.8707
12 -3.64359 -8.29111 19.9574
12 -5.1899 -9.78511 17.716
12 -3.15164 -11.3745 19.6968
12 -1.3974 -11.8523 20.557
12 0 -11.778 20.5975
12 1.39742 -11.853 20.5609
12 3.16438 -11.411 19.6574
12 4.69955 -9.7148 17.2626
12 1.38454 -8.00536 21.3309
12 0 -8.29622 21.3897
12 -1.38481 -8.11963 21.2643
12 -4.76544 -9.58214 17.3327
12 -1.44363 -10.2303 20.9063
12 0 -10.4391 20.8352
12 1.44365 -10.2153 20.9179
13 -0.04599 -3.28756 24.9346
13 -0.04599 -3.28756 24.9346
13 -0.04599 -3.28756 24.9346
13 -0.04599 -3.28756 24.9346
13 -0.04599 -3.28756 24.9346
13 -0.04599 -3.28756 24.9346
13 -0.04599 -3.28756 24.9346
13 -0.04599 -3.28756 24.9346
13 -0.04599 -3.28756 24.9346
13 -0.04599 -3.28756 24.9346
13 -0.04599 -3.28756 24.9346
13 -0.04599 -3.28756 24.9346
13 -0.04599 -3.28756 24.9346
13 -0.04599 -3.28756 24.9346
13 -0.04599 -3.28756 24.9346
13 -0.04599 -3.28756 24.9346
13 -0.04599 -3.28756 24.9346
13 11.4661 10.7051 17.4116
13 9.01353 11.4492 19.3474
13 6.543 11.5075 20.3172
13 4.5139 11.3601 20.9758
13 2.05905 10.872 21.1367
13 -2.14876 11.0373 21.0484
13 -4.50838 11.4472 20.9557
13 -6.5961 11.6114 20.3463
13 -8.95628 11.4588 19.3966
13 -11.3625 10.6454 17.5125
13 0.133881 7.41144 21.1698
13 0.167099 4.38777 22.7246
13 -0.0162354 1.63152 25.061
13 -0.0741425 -1.53286 26.3371
13 3.38263 -3.55795 21.1218
13 1.70078 -4.02502 21.92
13 -0.00149536 -4.07575 22.273
13 -1.70076 -4.02324 21.9245
13 -3.38263 -3.55548 21.1219
13 9.42992 6.17087 15.3732
13 8.00572 7.19393 17.2681
13 6.05447 7.36118 17.8546
13 3.92844 5.84623 17.1252
13 5.90001 5.43472 17.603
13 8.06189 5.39894 16.9336
13 -3.9317 5.83531 17.1271
13 -6.05498 7.3489 17.8264
13 -8.00621 7.19291 17.2397
13 -9.39194 6.17196 15.3252
13 -8.08704 5.40181 16.9
13 -5.84494 5.40004 17.6229
13 4.48863 -9.44973 20.5504
13 3.47125 -7.70385 21.6143
13 1.19656 -6.2276 23.4955
13 -0.0032196 -6.52893 23.431
13 -1.20399 -6.26168 23.5114
13 -3.39525 -7.71386 21.7861
13 -4.48793 -9.46672 20.6005
13 -2.80746 -11.0516 21.5625
13 -1.39139 -11.8633 22.2293
13 0 -11.8274 22.3683
13 1.39426 -11.8741 22.2312
13 2.87857 -11.0676 21.4883
13 3.72313 -9.3237 20.4964
13 1.3347 -7.22094 23.5246
13 -0.00544739 -7.5287 23.7719
13 -1.32524 -7.33491 23.5322
13 -3.33475 -9.3041 20.7573
13 -1.37592 -10.1995 23.1168
13 6.10352e-05 -10.5611 23.0803
13 1.39119 -10.1952 23.1313
14 -0.268562 -3.82608 23.497
14 -0.268562 -3.82608 23.497
14 -0.268562 -3.82608 23.497
14 -0.268562 -3.82608 23.497
14 -0.268562 -3.82608 23.497
14 -0.268562 -3.82608 23.497
14 -0.268562 -3.82608 23.497
14 -0.268562 -3.82608 23.497
14 -0.268562 -3.82608 23.497
14 -0.268562 -3.82608 23.497
14 -0.268562 -3.82608 23.497
14 -0.268562 -3.82608 23.497
14 -0.268562 -3.82608 23.497
14 -0.268562 -3.82608 23.497
14 -0.268562 -3.82608 23.497
14 -0.268562 -3.82608 23.497
14 -0.268562 -3.82608 23.497
14 11.3562 10.8989 16.548
14 8.92716 11.6425 18.4905
14 6.48029 12.0573 19.4525
14 4.47064 11.4233 20.0991
14 2.02629 10.1051 20.7739
14 -2.10114 10.0541 20.1078
14 -4.46518 10.444 20.0824
14 -6.5329 10.6394 19.485
14 -8.87047 10.0696 18.5396
14 -11.2536 9.37742 16.6458
14 0.132591 6.94519 20.1508
14 0.165497 3.84208 21.5824
14 0.0456238 1.02798 23.7969
14 -0.193771 -2.14058 24.9475
14 3.11614 -4.11118 19.7152
14 1.37537 -4.46514 20.5061
14 -0.23101 -4.21783 20.8593
14 -2.00146 -4.16172 20.506
14 -3.74653 -3.43651 19.6402
14 9.33955 5.99112 14.3817
14 7.92899 7.20473 16.2856
14 5.99645 7.55846 16.872
14 3.89078 5.48652 16.0936
14 5.84347 5.08652 16.5722
14 7.98463 5.0749 15.9083
14 -3.89404 5.47371 16.0935
14 -5.99696 7.01425 16.8437
14 -7.9295 6.55536 16.2574
14 -9.30196 5.71284 14.3335
14 -8.00955 5.35098 15.8752
14 -5.78893 5.29128 16.5906
14 5.54342 -8.74139 17.7066
14 3.77986 -7.59239 19.7136
14 0.853989 -6.73177 21.5494
14 -0.306282 -6.65711 21.2955
14 -1.54478 -6.29587 21.4169
14 -3.95776 -6.55556 19.4203
14 -5.90691 -7.84702 17.2826
14 -3.84809 -10.5371 19.1592
14 -1.82102 -10.8301 20.5244
14 -0.228348 -10.4344 20.736
14 1.33607 -10.2273 20.5544
14 2.87495 -9.64725 18.9851
14 5.17778 -8.88669 17.109
14 1.06495 -7.57618 20.9056
14 -0.126549 -7.57201 20.9236
14 -1.65945 -7.24784 20.8199
14 -5.50768 -8.2279 16.8101
14 -2.09066 -9.39441 20.5051
14 -0.382072 -9.07961 20.7158
14 1.0761 -8.68728 20.335
15 -0.04599 -4.16078 23.7242
15 -0.04599 -4.16078 23.7242
15 -0.04599 -4.16078 23.7242
15 -0.04599 -4.16078 23.7242
15 -0.04599 -4.16078 23.7242
15 -0.04599 -4.16078 23.7242
15 -0.04599 -4.16078 23.7242
15 -0.04599 -4.16078 23.7242
15 -0.04599 -4.16078 23.7242
15 -0.04599 -4.16078 23.7242
15 -0.04599 -4.16078 23.7242
15 -0.04599 -4.16078 23.7242
15 -0.04599 -4.16078 23.7242
15 -0.04599 -4.16078 23.7242
15 -0.04599 -4.16078 23.7242
15 -0.04599 -4.16078 23.7242
15 -0.04599 -4.16078 23.7242
15 11.4661 10.0928 16.7081
15 9.01353 10.7669 18.6693
15 6.543 10.7904 19.6406
15 4.5139 10.6195 20.2935
15 2.05905 10.1259 20.4368
15 -2.14876 10.2943 20.3545
15 -4.50838 10.7072 20.2766
15 -6.5961 10.8932 19.6734
15 -8.85905 10.632 18.7189
15 -11.2685 9.89148 16.8068
15 0.133881 6.66641 20.3457
15 0.167114 3.5889 21.791
15 -0.0162354 0.750595 24.027
15 -0.0741425 -2.45753 25.1887
15 3.38263 -4.24019 19.9057
15 1.70078 -4.74083 20.7043
15 -0.00149536 -4.85243 21.061
15 -1.70076 -4.74083 20.7043
15 -3.38263 -4.23775 19.906
15 9.42992 5.64949 14.5208
15 8.00572 6.58896 16.443
15 6.05447 6.73506 17.0351
15 3.92844 5.24928 16.2492
15 5.90001 4.84541 16.7324
15 8.06189 4.83368 16.0621
15 -3.92906 5.2126 16.2491
15 -6.00276 5.0136 17.0838
15 -7.95221 4.87613 16.4918
15 -9.50375 5.25841 14.6024
15 -7.95122 4.92424 16.0287
15 -5.61131 4.91289 16.6722
15 5.63324 -9.52408 17.907
15 3.82945 -8.14124 19.9042
15 1.2184 -7.30833 21.7577
15 0 -7.56873 21.5014
15 -1.21838 -7.34644 21.7664
15 -3.79825 -8.17691 19.9094
15 -5.65782 -9.56815 17.9679
15 -3.1331 -10.1484 19.9276
15 -1.3974 -10.3458 20.9103
15 0 -10.2165 20.9364
15 1.39742 -10.3458 20.9142
15 3.13312 -10.2082 19.9276
15 5.24789 -9.57956 17.3808
15 1.38483 -8.18587 21.1077
15 0 -8.49217 21.1258
15 -1.38483 -8.2859 21.027
15 -5.24788 -9.58655 17.3808
15 -1.44363 -8.77533 20.9493
15 0 -8.84903 20.9161
15 1.44363 -8.75783 20.9578
16 -0.0459976 -4.16079 23.7242
16 -0.0459976 -4.16079 23.7242
16 -0.0459976 -4.16079 23.7242
16 -0.0459976 -4.16079 23.7242
16 -0.0459976 -4.16079 23.7242
16 -0.0459976 -4.16079 23.7242
16 -0.0459976 -4.16079 23.7242
16 -0.0459976 -4.16079 23.7242
16 -0.0459976 -4.16079 23.7242
16 -0.0459976 -4.16079 23.7242
16 -0.0459976 -4.16079 23.7242
16 -0.0459976 -4.16079 23.7242
16 -0.0459976 -4.16079 23.7242
16 -0.0459976 -4.16079 23.7242
16 -0.0459976 -4.16079 23.7242
16 -0.0459976 -4.16079 23.7242
16 -0.0459976 -4.16079 23.7242
16 11.4661 10.0928 16.7081
16 9.01353 10.7669 18.6693
16 6.543 10.7904 19.6406
16 4.5139 10.6195 20.2935
16 2.05905 10.1259 20.4368
16 -2.14877 10.2943 20.3545
16 -4.50837 10.7072 20.2766
16 -6.5961 10.8932 19.6734
16 -8.95628 10.7747 18.7189
16 -11.3625 10.0295 16.8068
16 0.133877 6.66641 20.3457
16 0.167103 3.5889 21.791
16 -0.0162468 0.750591 24.027
16 -0.0741501 -2.45754 25.1887
16 3.38263 -4.24019 19.9057
16 1.70077 -4.7673 20.7043
16 -0.00149536 -4.89321 21.061
16 -1.70077 -4.76614 20.7043
16 -3.38263 -4.23775 19.906
16 9.42992 5.64949 14.5208
16 8.00571 6.58895 16.443
16 6.05447 6.73506 17.0351
16 3.92842 5.24927 16.2492
16 5.90001 4.84541 16.7324
16 8.06189 4.83367 16.0621
16 -3.93171 5.23634 16.2491
16 -6.05498 6.7238 17.0066
16 -8.00622 6.58895 16.4146
16 -9.39194 5.65141 14.472
16 -8.08704 4.83775 16.0287
16 -5.84494 4.81004 16.751
16 5.63324 -10.1504 17.9817
16 3.82944 -8.52533 19.9042
16 1.21839 -7.38972 21.7577
16 0 -7.6488 21.5014
16 -1.21839 -7.42793 21.7664
16 -3.79826 -8.52977 19.9094
16 -5.65782 -10.3341 18.0535
16 -3.13311 -10.4282 20.0084
16 -1.39741 -10.4259 20.9129
16 0 -10.2966 20.9364
16 1.39741 -10.4259 20.9169
16 3.13311 -10.4877 20.009
16 5.24789 -10.338 17.5433
16 1.38483 -8.26593 21.1077
16 0 -8.57225 21.1258
16 -1.38483 -8.36598 21.027
16 -5.24788 -10.4395 17.548
16 -1.44363 -8.87737 20.9493
16 0 -8.95895 20.9161
16 1.44364 -8.85923 20.9578
17 0.217529 -3.84203 23.4799
17 0.217529 -3.84203 23.4799
17 0.217529 -3.84203 23.4799
17 0.217529 -3.84203 23.4799
17 0.217529 -3.84203 23.4799
17 0.217529 -3.84203 23.4799
17 0.217529 -3.84203 23.4799
17 0.217529 -3.84203 23.4799
17 0.217529 -3.84203 23.4799
17 0.217529 -3.84203 23.4799
17 0.217529 -3.84203 23.4799
17 0.217529 -3.84203 23.4799
17 0.217529 -3.84203 23.4799
17 0.217529 -3.84203 23.4799
17 0.217529 -3.84203 23.4799
17 0.217529 -3.84203 23.4799
17 0.217529 -3.84203 23.4799
17 11.3562 10.2835 16.548
17 8.92715 10.9512 18.4904
17 6.48029 10.9745 19.4524
17 4.47064 10.8052 20.099
17 2.03931 10.3164 20.2409
17 -2.12817 10.4831 20.1594
17 -4.46518 10.8921 20.0823
17 -6.5329 11.0763 19.4849
17 -8.87045 10.959 18.5395
17 -11.2536 10.2209 16.6457
17 0.132599 6.89 20.1507
17 0.171112 3.84198 21.5822
17 0.0612488 1.03087 23.7968
17 0.122314 -2.15663 24.9473
17 3.82822 -3.63255 19.6683
17 2.19321 -4.10258 20.3525
17 0.604004 -4.40921 20.7214
17 -1.30823 -4.45638 20.4589
17 -3.10849 -4.00267 19.7152
17 9.34213 5.90274 14.3893
17 7.92899 6.81213 16.2855
17 5.99646 6.95685 16.8719
17 3.89078 5.48645 16.0934
17 5.84348 5.08676 16.76
17 7.98495 5.11855 16.2806
17 -3.89404 5.47363 16.0934
17 -5.99695 6.94569 16.8436
17 -7.9295 6.81213 16.2573
17 -9.30194 5.88474 14.3333
17 -8.00955 5.07886 15.8751
17 -5.78894 5.05142 16.5905
17 6.14978 -7.08978 17.1925
17 4.44171 -6.7061 19.3609
17 2.1265 -6.54459 21.1125
17 0.813965 -6.84515 21.139
17 -0.475861 -6.96844 21.4807
17 -3.60269 -7.8112 19.6814
17 -5.54303 -9.189 17.7957
17 -2.99124 -9.76445 19.7094
17 -0.915558 -9.84763 20.6361
17 0.630127 -9.59605 20.5462
17 2.17285 -9.59969 20.3991
17 3.64014 -9.10092 19.5753
17 5.77878 -7.21402 16.7733
17 2.30963 -7.40565 20.4687
17 0.826996 -7.77022 20.7804
17 -0.633728 -7.89857 20.7517
17 -5.1319 -9.20721 17.2121
17 -0.95285 -8.29234 20.6748
17 0.601959 -8.26224 20.533
17 2.20282 -8.13683 20.4423
18 -0.0461426 -4.16079 23.7242
18 -0.0461426 -4.16079 23.7242
18 -0.0461426 -4.16079 23.7242
18 -0.0461426 -4.16079 23.7242
18 -0.0461426 -4.16079 23.7242
18 -0.0461426 -4.16079 23.7242
18 -0.0461426 -4.16079 23.7242
18 -0.0461426 -4.16079 23.7242
18 -0.0461426 -4.16079 23.7242
18 -0.0461426 -4.16079 23.7242
18 -0.0461426 -4.16079 23.7242
18 -0.0461426 -4.16079 23.7242
18 -0.0461426 -4.16079 23.7242
18 -0.0461426 -4.16079 23.7242
18 -0.0461426 -4.16079 23.7242
18 -0.0461426 -4.16079 23.7242
18 -0.0461426 -4.16079 23.7242
18 11.4661 10.0928 16.7081
18 9.01355 10.7669 18.6693
18 6.543 10.7904 19.6406
18 4.51392 10.6195 20.2935
18 2.05905 10.1259 20.4368
18 -2.14877 10.2943 20.3545
18 -4.50836 10.7072 20.2766
18 -6.5961 10.8932 19.6734
18 -8.95627 10.7747 18.7189
18 -11.3625 10.0295 16.8068
18 0.133881 6.66641 20.3457
18 0.167114 3.5889 21.791
18 -0.0162354 0.750592 24.027
18 -0.0741577 -2.45754 25.1887
18 3.38556 -4.05639 19.7821
18 1.73428 -4.7446 20.7043
18 -0.0039978 -4.85244 21.061
18 -1.73856 -4.74512 20.7043
18 -3.33517 -4.15045 19.7891
18 9.43115 5.65527 14.5208
18 8.00571 6.58895 16.443
18 6.05447 6.73506 17.0351
18 3.92844 5.24927 16.2492
18 5.90002 5.00399 16.7287
18 8.13657 5.06433 16.0929
18 -3.9317 5.23634 16.2491
18 -6.05496 6.7238 17.0066
18 -8.00623 6.58896 16.4146
18 -9.39337 5.6554 14.472
18 -8.16119 5.06631 16.0602
18 -5.84494 4.96609 16.7508
18 5.85565 -7.93352 17.3777
18 3.95966 -7.42966 19.3386
18 1.31165 -7.14686 21.3144
18 -0.00463867 -7.3022 21.2914
18 -1.3252 -7.18365 21.323
18 -4.04178 -7.44817 19.3403
18 -5.91525 -8.08175 17.4127
18 -3.44943 -9.74522 19.6464
18 -1.51892 -10.0859 20.704
18 -0.00411987 -10.1253 20.7137
18 1.50534 -10.0939 20.7082
18 3.2728 -9.80634 19.6798
18 5.51123 -8.20052 16.9497
18 1.49182 -8.13623 20.8721
18 -0.00415039 -8.27205 20.9478
18 -1.50537 -8.12498 20.795
18 -5.53543 -8.39119 16.9247
18 -1.56894 -8.64995 20.7193
18 -0.00396729 -8.70373 20.6937
18 1.55539 -8.68255 20.7268
